100
4 2
5 2
6 2
1000 1000
1000 1
999999 2
1000000 475713
500000 171435
500000 131072
500000 237856
3 2
999999 499997
990277 745822
500000 262143
1000000 499998
999999 999998
452787 374692
2 1
926066 913791
1000000 524288
262685 241351
999999 999999
525686 454600
604863 531384
313062 287195
404349 318730
309524 279582
585259 548735
1000000 999999
1000000 262143
930729 707811
786010 695825
996438 762563
2 2
899797 809315
1000000 127
500000 249998
474727 400303
1000000 500000
500000 128
989653 987229
999999 499999
500000 1
500000 249999
999999 1
999999 524287
5 1
1000000 475675
500000 237857
671068 520823
947158 897436
999999 350480
1000000 487305
318273 268225
1000000 1000000
1 1
500000 127
798890 600212
464707 437059
1000000 2
999999 262144
424199 361665
926467 716359
4 1
716630 654944
865670 752042
500000 499999
920083 772236
1000000 262144
500000 2
500000 131071
389080 360842
689907 585380
987058 845976
999999 499998
999999 475711
1000000 475712
448154 385616
999999 128
476528 440760
500000 262144
500000 500000
999999 475712
1000000 1
537804 466764
3 1
282402 251884
726693 642401
1000000 499999
999999 524288
964705 794313
999999 262143
999999 127
618055 565891
1000000 128
1000000 524287
500000 242139
999999 517031
500000 250000
596710 486360
