100
4 2
5 2
6 2
1000 1000
1000 1
1000 128
604 522
772 758
999 127
556 429
654 503
999 508
840 710
528 521
334 283
500 74
1000 489
1000 999
999 352
500 2
527 491
810 667
259 234
999 498
444 395
999 256
5 1
1000 255
364 280
500 255
500 499
569 428
2 2
1000 499
281 244
999 497
481 409
500 127
1000 495
500 249
999 488
500 244
500 248
999 512
3 1
500 1
634 605
739 622
253 207
707 704
650 628
500 245
544 435
999 999
500 116
1000 488
469 456
580 566
780 699
999 998
3 2
999 487
786 592
819 816
999 511
750 749
295 254
500 128
500 247
592 538
2 1
1000 2
1000 256
500 500
744 608
989 751
999 128
1000 127
674 556
754 735
1000 512
1000 500
500 117
319 296
957 772
999 499
516 421
1000 498
4 1
696 678
1000 511
999 255
602 522
1 1
328 326
500 256
999 1
999 2
500 172
500 250
